4.576291235334657
5.233070771723727
6.262690188904886
7.178980920779041
7.178980920779041
7.872128101338986
7.872128101338986
7.872128101338986
7.872128101338986
7.872128101338986
7.872128101338986
7.872128101338986
7.178980920779041
7.872128101338986
7.872128101338986
7.872128101338986
7.872128101338986
7.872128101338986
7.872128101338986
7.872128101338986
7.872128101338986
7.872128101338986
7.872128101338986
7.872128101338986
7.872128101338986
6.080368632110931
7.872128101338986
7.872128101338986
7.178980920779041
7.872128101338986
7.872128101338986
7.872128101338986
7.872128101338986
7.872128101338986
7.872128101338986
7.872128101338986
7.872128101338986
7.872128101338986
7.872128101338986
7.872128101338986
7.872128101338986
7.872128101338986
7.872128101338986
7.872128101338986
7.178980920779041
7.872128101338986
7.872128101338986
4.3457675767228245
5.387221451550985
6.262690188904886
7.872128101338986
7.872128101338986
7.872128101338986
7.872128101338986
7.872128101338986
7.872128101338986
7.872128101338986
7.872128101338986
7.178980920779041
7.178980920779041
7.178980920779041
7.872128101338986
7.872128101338986
7.872128101338986
7.872128101338986
4.316780039849572
7.178980920779041
6.485833740219095
7.872128101338986
7.872128101338986
7.178980920779041
7.872128101338986
7.872128101338986
7.872128101338986
7.178980920779041
7.178980920779041
7.872128101338986
7.872128101338986
7.872128101338986
7.872128101338986
7.872128101338986
5.164077900236776
7.872128101338986
7.872128101338986
7.872128101338986
7.872128101338986
7.872128101338986
5.674903524002767
6.485833740219095
7.178980920779041
7.872128101338986
6.773515812670876
7.872128101338986
7.872128101338986
7.872128101338986
7.872128101338986
7.872128101338986
7.872128101338986
7.872128101338986
6.773515812670876
6.773515812670876
7.872128101338986
7.872128101338986
7.872128101338986
6.773515812670876
7.872128101338986
7.178980920779041
7.178980920779041
7.872128101338986
5.233070771723727
7.872128101338986
7.872128101338986
7.872128101338986
6.262690188904886
6.773515812670876
7.872128101338986
7.872128101338986
7.872128101338986
4.316780039849572
7.872128101338986
6.485833740219095
7.872128101338986
7.872128101338986
7.872128101338986
4.981756343442822
7.872128101338986
7.872128101338986
7.872128101338986
7.178980920779041
7.872128101338986
7.872128101338986
6.262690188904886
7.872128101338986
7.872128101338986
7.872128101338986
5.233070771723727
7.178980920779041
7.872128101338986
7.872128101338986
7.872128101338986
7.872128101338986
7.872128101338986
7.872128101338986
7.872128101338986
7.872128101338986
7.872128101338986
5.56954300834494
7.872128101338986
7.178980920779041
7.872128101338986
6.485833740219095
7.872128101338986
7.872128101338986
4.470930719676831
7.872128101338986
7.872128101338986
7.872128101338986
5.307178743877449
5.387221451550985
5.79268655965915
6.080368632110931
6.773515812670876
7.872128101338986
7.178980920779041
7.872128101338986
6.080368632110931
6.485833740219095
5.674903524002767
7.872128101338986
7.872128101338986
6.773515812670876
3.9601050959108397
7.872128101338986
7.872128101338986
7.872128101338986
7.872128101338986
7.872128101338986
7.872128101338986
7.872128101338986
7.872128101338986
7.872128101338986
7.872128101338986
7.178980920779041
7.178980920779041
7.178980920779041
6.773515812670876
7.872128101338986
7.872128101338986
7.872128101338986
7.872128101338986
7.872128101338986
5.79268655965915
7.872128101338986
7.872128101338986
7.872128101338986
7.178980920779041
7.178980920779041
7.872128101338986
7.872128101338986
7.872128101338986
7.178980920779041
7.872128101338986
5.03891475728277
7.872128101338986
7.872128101338986
7.872128101338986
7.872128101338986
7.872128101338986
6.773515812670876
6.485833740219095
7.872128101338986
4.110927985645423
7.872128101338986
5.387221451550985
7.872128101338986
7.872128101338986
7.872128101338986
7.872128101338986
5.79268655965915
6.262690188904886
7.872128101338986
7.872128101338986
5.926217952283673
4.40639219853926
6.773515812670876
6.080368632110931
7.872128101338986
7.178980920779041
7.872128101338986
6.262690188904886
7.872128101338986
6.485833740219095
7.872128101338986
7.872128101338986
7.872128101338986
7.872128101338986
7.872128101338986
7.872128101338986
6.262690188904886
6.485833740219095
7.872128101338986
6.262690188904886
7.872128101338986
7.872128101338986
7.872128101338986
7.872128101338986
6.080368632110931
2.6681214142621905
7.872128101338986
7.872128101338986
4.375620539872505
7.872128101338986
7.872128101338986
7.872128101338986
6.773515812670876
6.773515812670876
6.773515812670876
6.485833740219095
4.927689122172545
7.872128101338986
7.872128101338986
4.69407427099104
6.262690188904886
7.178980920779041
7.872128101338986
7.872128101338986
7.872128101338986
5.387221451550985
7.872128101338986
7.872128101338986
7.872128101338986
7.178980920779041
6.262690188904886
6.773515812670876
5.387221451550985
5.926217952283673
6.262690188904886
7.872128101338986
7.872128101338986
7.872128101338986
7.872128101338986
4.78108564798067
7.872128101338986
6.262690188904886
7.872128101338986
4.183248647225049
7.178980920779041
5.79268655965915
7.178980920779041
7.872128101338986
1.9398829138909752
4.43814089685384
7.872128101338986
6.773515812670876
7.872128101338986
7.872128101338986
7.872128101338986
7.872128101338986
7.178980920779041
7.178980920779041
7.872128101338986
7.872128101338986
6.485833740219095
7.872128101338986
4.539923591163782
5.674903524002767
7.872128101338986
7.872128101338986
7.178980920779041
6.262690188904886
7.872128101338986
6.773515812670876
6.773515812670876
6.262690188904886
6.262690188904886
7.872128101338986
7.178980920779041
7.872128101338986
4.183248647225049
7.178980920779041
7.872128101338986
5.926217952283673
7.872128101338986
7.872128101338986
7.872128101338986
7.872128101338986
6.773515812670876
7.872128101338986
7.872128101338986
7.872128101338986
7.872128101338986
7.872128101338986
7.872128101338986
7.872128101338986
7.872128101338986
7.872128101338986
7.872128101338986
7.872128101338986
7.872128101338986
6.773515812670876
7.178980920779041
7.872128101338986
7.178980920779041
7.872128101338986
7.178980920779041
7.872128101338986
6.485833740219095
7.872128101338986
6.485833740219095
7.872128101338986
7.178980920779041
5.474232828540615
7.872128101338986
7.872128101338986
7.178980920779041
6.773515812670876
7.872128101338986
7.872128101338986
7.872128101338986
7.872128101338986
6.773515812670876
5.387221451550985
7.872128101338986
7.178980920779041
7.872128101338986
7.872128101338986
7.872128101338986
1.0
5.56954300834494
7.872128101338986
7.872128101338986
7.872128101338986
6.773515812670876
7.872128101338986
7.872128101338986
7.872128101338986
6.485833740219095
7.178980920779041
7.872128101338986
7.872128101338986
7.872128101338986
7.872128101338986
7.872128101338986
6.080368632110931
7.872128101338986
6.773515812670876
7.178980920779041
7.872128101338986
7.872128101338986
6.262690188904886
6.773515812670876
6.773515812670876
7.178980920779041
7.872128101338986
7.872128101338986
6.773515812670876
7.872128101338986
7.872128101338986
7.872128101338986
7.178980920779041
5.926217952283673
7.872128101338986
7.872128101338986
7.872128101338986
7.872128101338986
7.872128101338986
7.872128101338986
7.872128101338986
5.674903524002767
7.872128101338986
5.0995393790992045
7.178980920779041
7.872128101338986
7.872128101338986
7.872128101338986
7.872128101338986
7.872128101338986
6.773515812670876
7.872128101338986
7.872128101338986
7.872128101338986
7.872128101338986
7.872128101338986
5.674903524002767
7.178980920779041
7.872128101338986
7.872128101338986
7.872128101338986
6.262690188904886
7.872128101338986
7.178980920779041
7.872128101338986
7.872128101338986
7.872128101338986
7.872128101338986
7.872128101338986
7.872128101338986
5.674903524002767
6.773515812670876
7.178980920779041
7.872128101338986
7.872128101338986
7.872128101338986
7.872128101338986
7.178980920779041
7.872128101338986
7.872128101338986
7.872128101338986
7.178980920779041
7.872128101338986
7.872128101338986
7.178980920779041
7.872128101338986
7.872128101338986
7.178980920779041
6.262690188904886
5.387221451550985
7.178980920779041
7.178980920779041
7.872128101338986
7.872128101338986
7.872128101338986
6.485833740219095
7.872128101338986
7.872128101338986
7.872128101338986
7.872128101338986
7.872128101338986
5.674903524002767
6.485833740219095
7.872128101338986
7.872128101338986
5.03891475728277
7.872128101338986
7.178980920779041
7.872128101338986
7.178980920779041
7.178980920779041
7.872128101338986
7.872128101338986
2.8816955145602496
7.872128101338986
7.872128101338986
7.872128101338986
7.872128101338986
7.872128101338986
4.087938467420725
5.307178743877449
6.262690188904886
6.773515812670876
7.872128101338986
7.872128101338986
6.485833740219095
6.485833740219095
6.262690188904886
7.872128101338986
6.485833740219095
5.0995393790992045
7.872128101338986
7.872128101338986
4.876395827784995
7.872128101338986
7.872128101338986
5.79268655965915
7.872128101338986
7.872128101338986
6.485833740219095
7.872128101338986
6.485833740219095
7.872128101338986
6.773515812670876
6.485833740219095
7.872128101338986
7.872128101338986
7.872128101338986
7.872128101338986
6.080368632110931
5.03891475728277
7.872128101338986
7.178980920779041
7.872128101338986
6.485833740219095
7.178980920779041
7.872128101338986
7.178980920779041
7.178980920779041
7.872128101338986
7.872128101338986
7.872128101338986
6.773515812670876
6.080368632110931
7.178980920779041
7.872128101338986
6.773515812670876
6.773515812670876
6.080368632110931
7.872128101338986
6.485833740219095
7.872128101338986
7.872128101338986
7.178980920779041
7.178980920779041
7.872128101338986
6.485833740219095
7.872128101338986
7.872128101338986
7.872128101338986
7.872128101338986
4.981756343442822
7.872128101338986
7.872128101338986
7.872128101338986
7.872128101338986
7.178980920779041
6.485833740219095
5.926217952283673
7.872128101338986
6.485833740219095
7.178980920779041
7.872128101338986
4.927689122172545
7.872128101338986
7.872128101338986
7.178980920779041
7.872128101338986
7.872128101338986
7.872128101338986
7.872128101338986
7.178980920779041
7.178980920779041
7.178980920779041
7.872128101338986
7.178980920779041
7.178980920779041
5.674903524002767
6.773515812670876
7.178980920779041
7.872128101338986
7.872128101338986
7.872128101338986
7.872128101338986
3.541394761052655
7.178980920779041
7.872128101338986
6.773515812670876
7.872128101338986
7.872128101338986
7.872128101338986
7.872128101338986
7.178980920779041
7.872128101338986
7.872128101338986
7.872128101338986
5.474232828540615
7.872128101338986
7.872128101338986
6.485833740219095
7.872128101338986
7.178980920779041
6.485833740219095
4.6140315633175035
5.926217952283673
3.728993374947453
7.872128101338986
7.872128101338986
7.872128101338986
7.872128101338986
7.178980920779041
6.773515812670876
6.485833740219095
6.485833740219095
7.872128101338986
7.872128101338986
7.872128101338986
6.080368632110931
7.178980920779041
7.872128101338986
7.872128101338986
7.872128101338986
7.178980920779041
7.178980920779041
7.872128101338986
5.674903524002767
6.262690188904886
6.262690188904886
6.262690188904886
7.872128101338986
7.872128101338986
7.872128101338986
7.872128101338986
7.872128101338986
7.872128101338986
7.872128101338986
3.980307803228359
4.576291235334657
7.872128101338986
5.79268655965915
7.178980920779041
7.872128101338986
7.872128101338986
7.872128101338986
7.872128101338986
7.872128101338986
6.773515812670876
7.872128101338986
7.178980920779041
7.872128101338986
7.872128101338986
6.262690188904886
7.872128101338986
6.262690188904886
7.178980920779041
7.872128101338986
6.080368632110931
7.178980920779041
6.773515812670876
7.872128101338986
7.872128101338986
7.178980920779041
7.872128101338986
7.872128101338986
7.872128101338986
7.872128101338986
7.178980920779041
7.872128101338986
7.178980920779041
7.872128101338986
7.872128101338986
7.872128101338986
5.79268655965915
7.872128101338986
7.872128101338986
7.872128101338986
7.872128101338986
7.178980920779041
7.872128101338986
7.872128101338986
7.178980920779041
7.872128101338986
4.470930719676831
4.539923591163782
7.872128101338986
6.080368632110931
7.872128101338986
5.926217952283673
7.872128101338986
7.872128101338986
6.773515812670876
7.872128101338986
7.178980920779041
7.872128101338986
7.872128101338986
4.876395827784995
5.56954300834494
7.178980920779041
5.233070771723727
7.178980920779041
3.713245017979314
3.2373991131093502
7.178980920779041
7.872128101338986
7.872128101338986
5.56954300834494
7.178980920779041
7.872128101338986
7.178980920779041
6.773515812670876
7.872128101338986
7.872128101338986
7.872128101338986
7.178980920779041
6.262690188904886
4.927689122172545
4.539923591163782
5.926217952283673
7.178980920779041
4.183248647225049
5.79268655965915
5.474232828540615
7.178980920779041
5.0995393790992045
6.773515812670876
6.773515812670876
7.872128101338986
6.262690188904886
7.872128101338986
5.926217952283673
7.872128101338986
7.872128101338986
7.872128101338986
7.178980920779041
7.178980920779041
6.080368632110931
7.872128101338986
7.872128101338986
7.872128101338986
7.178980920779041
3.7945906574332664
6.262690188904886
7.872128101338986
7.872128101338986
7.872128101338986
7.178980920779041
7.872128101338986
7.872128101338986
7.872128101338986
7.178980920779041
5.79268655965915
7.872128101338986
7.872128101338986
6.262690188904886
7.178980920779041
5.79268655965915
7.872128101338986
7.872128101338986
7.178980920779041
7.872128101338986
7.872128101338986
4.78108564798067
7.872128101338986
6.773515812670876
7.178980920779041
7.178980920779041
6.773515812670876
6.262690188904886
6.080368632110931
7.178980920779041
7.872128101338986
6.485833740219095
7.178980920779041
5.926217952283673
7.872128101338986
7.872128101338986
7.872128101338986
7.872128101338986
5.79268655965915
6.080368632110931
6.485833740219095
7.178980920779041
6.773515812670876
4.653252276470785
7.872128101338986
5.474232828540615
7.872128101338986
5.03891475728277
6.262690188904886
5.674903524002767
7.178980920779041
5.56954300834494
5.926217952283673
6.485833740219095
6.485833740219095
7.872128101338986
7.178980920779041
6.773515812670876
7.872128101338986
7.872128101338986
7.872128101338986
5.164077900236776
7.872128101338986
7.872128101338986
7.872128101338986
7.872128101338986
7.872128101338986
6.262690188904886
7.872128101338986
7.872128101338986
7.178980920779041
6.262690188904886
5.233070771723727
7.872128101338986
6.080368632110931
7.872128101338986
7.872128101338986
7.872128101338986
4.375620539872505
7.178980920779041
7.178980920779041
6.080368632110931
7.872128101338986
7.872128101338986
7.872128101338986
7.872128101338986
7.872128101338986
7.872128101338986
6.485833740219095
7.872128101338986
6.485833740219095
5.79268655965915
6.485833740219095
5.79268655965915
7.872128101338986
7.178980920779041
6.485833740219095
5.674903524002767
6.773515812670876
7.872128101338986
7.178980920779041
4.375620539872505
6.485833740219095
6.773515812670876
7.178980920779041
6.262690188904886
7.872128101338986
4.40639219853926
7.178980920779041
7.872128101338986
5.233070771723727
4.576291235334657
7.872128101338986
3.453287493542388
7.178980920779041
5.307178743877449
2.9023148017629854
7.178980920779041
7.872128101338986
4.876395827784995
7.178980920779041
1.035868824061919
5.233070771723727
6.080368632110931
7.178980920779041
7.872128101338986
7.872128101338986
7.178980920779041
6.773515812670876
3.7449937162938944
6.485833740219095
7.178980920779041
4.40639219853926
3.4776789466665474
7.872128101338986
5.926217952283673
7.178980920779041
7.178980920779041
7.872128101338986
4.43814089685384
7.872128101338986
5.674903524002767
6.773515812670876
5.926217952283673
6.773515812670876
7.178980920779041
7.872128101338986
7.872128101338986
7.872128101338986
7.178980920779041
7.872128101338986
7.872128101338986
7.872128101338986
6.773515812670876
4.876395827784995
6.773515812670876
6.485833740219095
6.485833740219095
7.872128101338986
7.872128101338986
7.872128101338986
7.872128101338986
7.872128101338986
7.872128101338986
7.872128101338986
7.178980920779041
5.926217952283673
5.387221451550985
7.178980920779041
7.872128101338986
6.262690188904886
5.0995393790992045
7.872128101338986
4.827605663615563
6.773515812670876
7.178980920779041
5.03891475728277
7.872128101338986
6.262690188904886
6.262690188904886
4.876395827784995
7.872128101338986
5.674903524002767
6.773515812670876
7.872128101338986
6.773515812670876
7.872128101338986
6.080368632110931
7.872128101338986
7.872128101338986
7.872128101338986
6.262690188904886
6.773515812670876
7.872128101338986
5.674903524002767
6.080368632110931
7.872128101338986
7.872128101338986
7.872128101338986
7.872128101338986
7.872128101338986
7.178980920779041
5.926217952283673
7.178980920779041
7.872128101338986
7.872128101338986
7.872128101338986
7.178980920779041
7.872128101338986
7.178980920779041
7.872128101338986
7.872128101338986
7.178980920779041
7.872128101338986
7.872128101338986
7.872128101338986
7.872128101338986
7.178980920779041
7.872128101338986
7.872128101338986
7.872128101338986
7.178980920779041
4.981756343442822
6.262690188904886
6.262690188904886
7.178980920779041
7.178980920779041
6.773515812670876
7.872128101338986
7.872128101338986
7.872128101338986
6.262690188904886
6.485833740219095
3.728993374947453
7.178980920779041
7.872128101338986
7.872128101338986
7.178980920779041
7.872128101338986
6.773515812670876
4.470930719676831
7.872128101338986
6.773515812670876
7.872128101338986
7.872128101338986
4.827605663615563
5.674903524002767
7.872128101338986
7.872128101338986
7.872128101338986
7.872128101338986
7.872128101338986
7.872128101338986
6.485833740219095
7.872128101338986
7.872128101338986
7.872128101338986
7.872128101338986
7.872128101338986
7.178980920779041
7.872128101338986
7.872128101338986
7.872128101338986
7.872128101338986
7.178980920779041
7.872128101338986
7.872128101338986
7.872128101338986
7.178980920779041
5.926217952283673
7.872128101338986
7.872128101338986
6.262690188904886
7.872128101338986
7.178980920779041
7.872128101338986
6.262690188904886
6.262690188904886
7.872128101338986
7.872128101338986
7.872128101338986
6.773515812670876
4.78108564798067
6.773515812670876
7.178980920779041
7.872128101338986
7.872128101338986
7.178980920779041
7.178980920779041
6.485833740219095
7.872128101338986
7.872128101338986
5.307178743877449
4.470930719676831
7.178980920779041
7.178980920779041
5.926217952283673
6.773515812670876
6.262690188904886
4.78108564798067
7.872128101338986
6.080368632110931
7.872128101338986
7.872128101338986
7.178980920779041
4.827605663615563
6.262690188904886
7.178980920779041
6.773515812670876
7.872128101338986
7.872128101338986
7.178980920779041
7.178980920779041
6.080368632110931
6.485833740219095
5.474232828540615
7.178980920779041
7.872128101338986
7.872128101338986
6.773515812670876
5.164077900236776
7.872128101338986
7.872128101338986
6.773515812670876
7.872128101338986
6.262690188904886
6.262690188904886
6.262690188904886
7.872128101338986
6.262690188904886
6.773515812670876
7.178980920779041
7.178980920779041
6.773515812670876
6.773515812670876
4.261210188694761
7.178980920779041
7.178980920779041
7.872128101338986
7.872128101338986
6.080368632110931
7.872128101338986
7.178980920779041
7.178980920779041
7.872128101338986
4.827605663615563
7.872128101338986
7.178980920779041
7.872128101338986
7.872128101338986
7.872128101338986
7.178980920779041
7.872128101338986
7.178980920779041
7.872128101338986
6.080368632110931
6.773515812670876
6.773515812670876
6.080368632110931
7.178980920779041
7.178980920779041
7.872128101338986
5.674903524002767
6.485833740219095
7.178980920779041
7.872128101338986
6.773515812670876
4.78108564798067
7.178980920779041
3.453287493542388
7.872128101338986
6.485833740219095
7.872128101338986
7.872128101338986
4.504832271352512
3.5816686601905947
6.485833740219095
7.872128101338986
7.872128101338986
7.872128101338986
7.872128101338986
7.872128101338986
7.872128101338986
6.262690188904886
5.164077900236776
7.872128101338986
5.233070771723727
5.79268655965915
4.876395827784995
6.773515812670876
6.773515812670876
7.872128101338986
7.872128101338986
7.872128101338986
7.872128101338986
6.080368632110931
7.178980920779041
7.872128101338986
7.872128101338986
7.872128101338986
6.485833740219095
7.178980920779041
7.872128101338986
7.872128101338986
4.69407427099104
6.262690188904886
4.065465611568666
7.178980920779041
7.872128101338986
7.872128101338986
6.485833740219095
7.872128101338986
5.307178743877449
6.485833740219095
7.872128101338986
7.872128101338986
7.178980920779041
5.674903524002767
5.674903524002767
7.178980920779041
7.178980920779041
7.872128101338986
7.872128101338986
7.872128101338986
7.872128101338986
7.872128101338986
5.56954300834494
7.872128101338986
7.872128101338986
7.178980920779041
6.773515812670876
7.872128101338986
6.485833740219095
6.773515812670876
7.872128101338986
7.872128101338986
5.926217952283673
7.872128101338986
6.485833740219095
5.474232828540615
7.178980920779041
6.773515812670876
7.872128101338986
6.485833740219095
6.773515812670876
7.178980920779041
7.872128101338986
7.872128101338986
7.872128101338986
6.773515812670876
6.773515812670876
7.872128101338986
6.262690188904886
7.178980920779041
7.872128101338986
7.872128101338986
7.872128101338986
7.872128101338986
7.872128101338986
5.164077900236776
6.773515812670876
5.0995393790992045
7.178980920779041
7.872128101338986
2.944874416181781
7.872128101338986
7.872128101338986
7.872128101338986
7.178980920779041
7.872128101338986
5.307178743877449
7.872128101338986
5.926217952283673
7.872128101338986
7.178980920779041
7.872128101338986
7.872128101338986
7.872128101338986
7.872128101338986
4.927689122172545
4.981756343442822
7.872128101338986
7.872128101338986
7.178980920779041
7.872128101338986
7.872128101338986
7.872128101338986
7.872128101338986
7.872128101338986
7.872128101338986
7.872128101338986
7.872128101338986
7.178980920779041
7.872128101338986
7.178980920779041
6.773515812670876
7.872128101338986
7.178980920779041
7.872128101338986
7.872128101338986
7.872128101338986
7.872128101338986
7.872128101338986
7.872128101338986
7.872128101338986
7.872128101338986
7.872128101338986
3.4413113024956723
3.33952860818573
6.773515812670876
7.178980920779041
6.773515812670876
7.178980920779041
7.178980920779041
7.872128101338986
7.872128101338986
7.872128101338986
7.178980920779041
7.178980920779041
5.79268655965915
7.872128101338986
6.262690188904886
7.872128101338986
7.872128101338986
4.021980499628928
5.926217952283673
5.926217952283673
5.79268655965915
7.872128101338986
7.872128101338986
6.773515812670876
6.773515812670876
5.0995393790992045
7.178980920779041
7.872128101338986
7.872128101338986
7.872128101338986
6.485833740219095
7.872128101338986
2.8158822959906775
7.872128101338986
7.872128101338986
5.926217952283673
6.485833740219095
7.872128101338986
7.178980920779041
6.773515812670876
5.164077900236776
7.872128101338986
7.872128101338986
7.872128101338986
7.872128101338986
7.872128101338986
7.872128101338986
7.872128101338986
6.485833740219095
3.3723184310087206
7.872128101338986
5.926217952283673
4.927689122172545
6.773515812670876
7.178980920779041
6.485833740219095
7.178980920779041
7.178980920779041
7.872128101338986
7.872128101338986
7.872128101338986
7.872128101338986
7.178980920779041
7.872128101338986
7.872128101338986
7.872128101338986
7.872128101338986
7.872128101338986
7.178980920779041
7.872128101338986
7.178980920779041
7.178980920779041
7.872128101338986
6.080368632110931
7.178980920779041
6.080368632110931
7.178980920779041
6.485833740219095
7.872128101338986
7.178980920779041
6.262690188904886
6.485833740219095
6.773515812670876
7.872128101338986
7.872128101338986
7.872128101338986
6.485833740219095
3.453287493542388
7.872128101338986
7.178980920779041
1.0315815720502988
5.674903524002767
7.872128101338986
5.674903524002767
6.773515812670876
7.178980920779041
7.872128101338986
7.872128101338986
7.872128101338986
7.872128101338986
7.872128101338986
7.178980920779041
7.872128101338986
7.872128101338986
7.872128101338986
7.178980920779041
7.872128101338986
7.872128101338986
7.178980920779041
7.872128101338986
7.872128101338986
7.872128101338986
7.872128101338986
7.872128101338986
4.375620539872505
6.773515812670876
7.872128101338986
6.262690188904886
3.9208843827575586
7.872128101338986
7.872128101338986
6.080368632110931
6.773515812670876
7.872128101338986
7.872128101338986
7.872128101338986
7.872128101338986
7.872128101338986
7.872128101338986
1.3997818068380854
7.872128101338986
7.872128101338986
7.872128101338986
7.872128101338986
7.872128101338986
7.872128101338986
6.773515812670876
7.872128101338986
5.164077900236776
5.79268655965915
7.872128101338986
7.178980920779041
7.872128101338986
7.178980920779041
4.20856645520934
7.872128101338986
7.178980920779041
4.69407427099104
6.262690188904886
7.872128101338986
7.872128101338986
7.178980920779041
6.262690188904886
6.773515812670876
7.872128101338986
6.485833740219095
7.872128101338986
6.773515812670876
7.872128101338986
7.178980920779041
7.872128101338986
7.178980920779041
2.937654168208294
7.872128101338986
5.926217952283673
7.872128101338986
7.178980920779041
7.872128101338986
7.178980920779041
7.872128101338986
7.872128101338986
7.872128101338986
7.872128101338986
7.178980920779041
7.872128101338986
7.872128101338986
7.872128101338986
7.872128101338986
5.926217952283673
7.872128101338986
7.872128101338986
7.872128101338986
7.872128101338986
7.872128101338986
6.773515812670876
7.178980920779041
7.178980920779041
6.485833740219095
7.872128101338986
5.926217952283673
7.178980920779041
5.56954300834494
7.178980920779041
5.387221451550985
7.178980920779041
7.872128101338986
7.872128101338986
4.504832271352512
6.262690188904886
7.178980920779041
7.872128101338986
7.178980920779041
6.773515812670876
5.926217952283673
6.485833740219095
7.872128101338986
7.872128101338986
7.872128101338986
6.773515812670876
7.872128101338986
7.872128101338986
7.872128101338986
7.872128101338986
7.872128101338986
4.78108564798067
5.674903524002767
6.262690188904886
7.178980920779041
7.178980920779041
7.872128101338986
7.872128101338986
7.178980920779041
6.773515812670876
7.178980920779041
7.872128101338986
7.872128101338986
7.872128101338986
7.872128101338986
6.485833740219095
7.178980920779041
5.307178743877449
6.262690188904886
6.262690188904886
5.926217952283673
7.872128101338986
7.872128101338986
7.872128101338986
6.080368632110931
7.872128101338986
7.178980920779041
7.178980920779041
7.872128101338986
7.178980920779041
7.178980920779041
7.872128101338986
7.872128101338986
7.872128101338986
7.872128101338986
7.872128101338986
3.277008251204396
5.56954300834494
7.872128101338986
7.872128101338986
3.1359296529444904
4.43814089685384
7.872128101338986
5.926217952283673
6.773515812670876
7.872128101338986
7.872128101338986
7.872128101338986
7.872128101338986
7.178980920779041
7.872128101338986
7.872128101338986
6.773515812670876
6.773515812670876
4.087938467420725
4.981756343442822
4.827605663615563
6.773515812670876
5.79268655965915
4.504832271352512
6.262690188904886
7.178980920779041
7.178980920779041
7.872128101338986
5.56954300834494
7.872128101338986
5.674903524002767
7.872128101338986
6.773515812670876
7.178980920779041
7.178980920779041
7.872128101338986
7.872128101338986
7.178980920779041
7.872128101338986
7.178980920779041
7.872128101338986
7.872128101338986
5.474232828540615
6.262690188904886
6.773515812670876
7.872128101338986
7.872128101338986
6.485833740219095
7.178980920779041
7.872128101338986
6.773515812670876
7.872128101338986
7.872128101338986
7.872128101338986
7.872128101338986
7.872128101338986
7.872128101338986
6.773515812670876
7.872128101338986
4.043486704849891
7.872128101338986
5.56954300834494
7.178980920779041
7.872128101338986
6.485833740219095
7.872128101338986
7.872128101338986
5.0995393790992045
7.872128101338986
7.872128101338986
7.872128101338986
7.872128101338986
4.576291235334657
7.872128101338986
7.178980920779041
7.178980920779041
7.872128101338986
7.178980920779041
7.872128101338986
7.872128101338986
7.872128101338986
7.872128101338986
7.872128101338986
7.872128101338986
6.773515812670876
4.504832271352512
6.485833740219095
7.872128101338986
7.872128101338986
7.872128101338986
7.872128101338986
7.872128101338986
7.872128101338986
7.872128101338986
7.872128101338986
7.872128101338986
6.773515812670876
7.872128101338986
5.56954300834494
7.872128101338986
7.872128101338986
7.872128101338986
7.178980920779041
7.872128101338986
7.872128101338986
7.872128101338986
6.773515812670876
7.872128101338986
7.872128101338986
7.872128101338986
7.872128101338986
7.872128101338986
7.872128101338986
7.872128101338986
7.872128101338986
1.1280689150276386
7.872128101338986
7.178980920779041
7.872128101338986
7.872128101338986
7.872128101338986
7.872128101338986
7.872128101338986
7.872128101338986
5.474232828540615
7.872128101338986
7.872128101338986
7.872128101338986
5.926217952283673
6.485833740219095
7.872128101338986
7.872128101338986
7.872128101338986
5.56954300834494
6.773515812670876
7.178980920779041
7.872128101338986
7.872128101338986
5.164077900236776
7.872128101338986
7.872128101338986
7.872128101338986
7.872128101338986
7.178980920779041
4.316780039849572
7.872128101338986
7.872128101338986
6.773515812670876
7.872128101338986
4.021980499628928
7.872128101338986
7.178980920779041
7.872128101338986
7.872128101338986
7.872128101338986
4.504832271352512
6.773515812670876
7.178980920779041
5.164077900236776
7.872128101338986
7.872128101338986
7.872128101338986
7.178980920779041
3.4901014666651045
7.872128101338986
7.872128101338986
6.485833740219095
7.872128101338986
7.872128101338986
7.872128101338986
7.872128101338986
7.872128101338986
4.827605663615563
7.872128101338986
7.872128101338986
5.79268655965915
7.872128101338986
7.872128101338986
6.773515812670876
7.872128101338986
6.773515812670876
6.485833740219095
7.872128101338986
7.178980920779041
7.872128101338986
7.872128101338986
7.872128101338986
6.485833740219095
7.872128101338986
6.485833740219095
7.872128101338986
7.872128101338986
7.872128101338986
7.872128101338986
7.178980920779041
7.872128101338986
7.872128101338986
6.773515812670876
7.872128101338986
7.178980920779041
7.872128101338986
4.470930719676831
7.872128101338986
7.872128101338986
7.178980920779041
7.872128101338986
7.872128101338986
7.872128101338986
7.872128101338986
7.872128101338986
7.872128101338986
7.872128101338986
4.6140315633175035
7.178980920779041
7.872128101338986
5.926217952283673
7.872128101338986
7.872128101338986
5.307178743877449
7.872128101338986
7.872128101338986
7.872128101338986
7.178980920779041
7.872128101338986
7.872128101338986
7.872128101338986
7.178980920779041
7.178980920779041
7.872128101338986
7.872128101338986
7.872128101338986
7.872128101338986
7.872128101338986
6.773515812670876
7.178980920779041
6.080368632110931
5.56954300834494
7.872128101338986
7.872128101338986
7.872128101338986
7.872128101338986
7.872128101338986
7.872128101338986
7.872128101338986
6.773515812670876
7.872128101338986
7.872128101338986
7.872128101338986
7.872128101338986
7.872128101338986
7.872128101338986
7.872128101338986
5.79268655965915
6.485833740219095
7.872128101338986
7.872128101338986
7.178980920779041
5.926217952283673
5.79268655965915
7.872128101338986
7.872128101338986
7.178980920779041
6.262690188904886
6.773515812670876
6.485833740219095
6.485833740219095
7.872128101338986
5.307178743877449
7.872128101338986
7.872128101338986
7.872128101338986
7.872128101338986
7.872128101338986
6.262690188904886
7.872128101338986
7.178980920779041
7.178980920779041
7.872128101338986
7.872128101338986
7.872128101338986
7.872128101338986
7.872128101338986
7.178980920779041
7.872128101338986
7.178980920779041
6.080368632110931
6.485833740219095
7.872128101338986
6.773515812670876
6.773515812670876
7.178980920779041
7.872128101338986
7.178980920779041
7.872128101338986
7.872128101338986
7.178980920779041
7.872128101338986
7.872128101338986
7.872128101338986
5.56954300834494
7.178980920779041
7.872128101338986
7.872128101338986
6.485833740219095
7.178980920779041
7.178980920779041
5.926217952283673
3.6380215967417264
5.674903524002767
6.773515812670876
6.773515812670876
6.485833740219095
7.872128101338986
7.872128101338986
7.872128101338986
4.6140315633175035
7.872128101338986
7.872128101338986
7.872128101338986
5.474232828540615
6.262690188904886
6.485833740219095
4.78108564798067
4.876395827784995
7.872128101338986
7.872128101338986
7.872128101338986
6.773515812670876
6.773515812670876
7.178980920779041
4.653252276470785
6.485833740219095
7.178980920779041
7.872128101338986
6.773515812670876
7.872128101338986
7.178980920779041
7.872128101338986
3.7612542371656748
4.087938467420725
7.178980920779041
7.872128101338986
7.872128101338986
7.872128101338986
7.872128101338986
6.773515812670876
7.178980920779041
4.927689122172545
4.316780039849572
7.872128101338986
7.178980920779041
7.872128101338986
5.79268655965915
7.872128101338986
7.872128101338986
6.773515812670876
4.981756343442822
7.872128101338986
7.872128101338986
6.773515812670876
6.485833740219095
5.307178743877449
6.773515812670876
6.773515812670876
3.980307803228359
7.872128101338986
4.183248647225049
7.872128101338986
7.178980920779041
6.773515812670876
1.035868824061919
6.080368632110931
6.773515812670876
4.981756343442822
5.674903524002767
7.872128101338986
6.773515812670876
6.262690188904886
7.872128101338986
5.56954300834494
5.56954300834494
7.178980920779041
7.872128101338986
7.872128101338986
7.178980920779041
6.080368632110931
6.773515812670876
4.927689122172545
7.872128101338986
7.178980920779041
7.872128101338986
3.846776410603837
1.8983184894697247
7.872128101338986
2.6094379124341005
7.872128101338986
7.872128101338986
7.872128101338986
7.178980920779041
7.872128101338986
7.178980920779041
7.872128101338986
7.872128101338986
7.178980920779041
6.080368632110931
7.178980920779041
7.872128101338986
7.872128101338986
7.178980920779041
7.872128101338986
7.872128101338986
5.674903524002767
7.872128101338986
7.872128101338986
5.474232828540615
5.56954300834494
7.872128101338986
6.773515812670876
7.872128101338986
4.981756343442822
7.178980920779041
7.872128101338986
7.872128101338986
7.872128101338986
7.872128101338986
7.178980920779041
7.872128101338986
7.872128101338986
7.872128101338986
6.773515812670876
7.872128101338986
7.872128101338986
7.178980920779041
7.872128101338986
7.872128101338986
7.872128101338986
7.872128101338986
7.872128101338986
7.178980920779041
7.178980920779041
7.872128101338986
6.080368632110931
7.178980920779041
7.178980920779041
5.926217952283673
7.872128101338986
7.872128101338986
5.926217952283673
6.773515812670876
7.178980920779041
7.872128101338986
5.926217952283673
6.485833740219095
3.3503395242899456
7.872128101338986
7.872128101338986
7.178980920779041
7.178980920779041
2.9304856787296814
7.872128101338986
7.872128101338986
6.485833740219095
7.872128101338986
7.872128101338986
6.773515812670876
7.872128101338986
6.773515812670876
7.872128101338986
7.872128101338986
7.872128101338986
7.872128101338986
7.872128101338986
5.56954300834494
5.926217952283673
6.773515812670876
7.872128101338986
7.872128101338986
6.485833740219095
7.872128101338986
7.178980920779041
6.773515812670876
7.872128101338986
7.872128101338986
3.0438143640366846
7.872128101338986
6.773515812670876
6.773515812670876
7.872128101338986
7.178980920779041
7.872128101338986
7.872128101338986
7.872128101338986
4.876395827784995
7.178980920779041
5.56954300834494
7.872128101338986
7.872128101338986
7.872128101338986
7.178980920779041
7.872128101338986
6.485833740219095
6.773515812670876
7.872128101338986
7.872128101338986
7.872128101338986
7.872128101338986
7.178980920779041
7.872128101338986
7.872128101338986
7.872128101338986
7.178980920779041
6.773515812670876
5.56954300834494
7.178980920779041
7.872128101338986
7.872128101338986
5.474232828540615
7.872128101338986
4.6140315633175035
7.872128101338986
5.79268655965915
4.736633885409836
7.872128101338986
7.178980920779041
7.872128101338986
6.262690188904886
7.872128101338986
7.872128101338986
7.872128101338986
7.872128101338986
7.872128101338986
7.872128101338986
5.926217952283673
7.872128101338986
7.178980920779041
7.178980920779041
7.872128101338986
5.56954300834494
6.262690188904886
4.43814089685384
5.387221451550985
3.9403024686146604
7.872128101338986
7.872128101338986
7.872128101338986
7.872128101338986
7.178980920779041
5.926217952283673
7.178980920779041
7.872128101338986
7.872128101338986
7.872128101338986
6.773515812670876
6.485833740219095
7.872128101338986
4.158556034634678
7.872128101338986
4.876395827784995
5.926217952283673
5.926217952283673
6.485833740219095
7.178980920779041
7.872128101338986
7.872128101338986
5.926217952283673
4.316780039849572
7.872128101338986
7.872128101338986
3.08463635855694
6.485833740219095
5.474232828540615
6.773515812670876
7.872128101338986
7.872128101338986
7.872128101338986
1.3500353031688337
5.387221451550985
7.872128101338986
4.927689122172545
7.872128101338986
4.134458483055617
2.7541342889222307
4.653252276470785
6.773515812670876
7.872128101338986
6.773515812670876
5.674903524002767
5.0995393790992045
7.872128101338986
7.872128101338986
7.872128101338986
7.872128101338986
7.872128101338986
7.178980920779041
6.080368632110931
7.872128101338986
7.872128101338986
7.178980920779041
7.178980920779041
7.872128101338986
7.872128101338986
4.20856645520934
6.080368632110931
7.178980920779041
6.485833740219095
7.872128101338986
6.080368632110931
4.78108564798067
5.56954300834494
7.872128101338986
7.872128101338986
6.080368632110931
6.485833740219095
4.316780039849572
7.872128101338986
7.178980920779041
7.872128101338986
3.1447402826266453
7.872128101338986
7.872128101338986
7.178980920779041
7.872128101338986
7.872128101338986
6.773515812670876
5.387221451550985
7.872128101338986
7.178980920779041
7.872128101338986
7.178980920779041
7.872128101338986
6.080368632110931
7.872128101338986
7.872128101338986
7.872128101338986
7.872128101338986
7.872128101338986
6.773515812670876
6.773515812670876
5.926217952283673
5.474232828540615
7.178980920779041
6.773515812670876
7.872128101338986
7.872128101338986
4.981756343442822
7.178980920779041
7.178980920779041
7.872128101338986
7.872128101338986
7.178980920779041
5.307178743877449
5.56954300834494
4.2345419416126
7.872128101338986
6.773515812670876
7.872128101338986
6.485833740219095
7.872128101338986
7.872128101338986
5.926217952283673
7.872128101338986
6.262690188904886
7.178980920779041
7.178980920779041
7.872128101338986
7.872128101338986
6.773515812670876
7.178980920779041
7.178980920779041
7.178980920779041
7.872128101338986
7.178980920779041
7.178980920779041
4.69407427099104
2.9742883013880745
5.233070771723727
7.872128101338986
7.872128101338986
7.178980920779041
7.872128101338986
7.872128101338986
7.178980920779041
7.872128101338986
7.872128101338986
3.728993374947453
7.872128101338986
7.872128101338986
7.872128101338986
7.872128101338986
7.872128101338986
7.872128101338986
7.178980920779041
7.178980920779041
7.872128101338986
7.872128101338986
7.178980920779041
7.872128101338986
7.178980920779041
7.872128101338986
7.872128101338986
7.872128101338986
7.872128101338986
7.178980920779041
7.872128101338986
6.080368632110931
5.79268655965915
7.178980920779041
6.773515812670876
7.872128101338986
7.872128101338986
6.485833740219095
5.474232828540615
6.485833740219095
6.262690188904886
6.262690188904886
7.872128101338986
7.178980920779041
7.178980920779041
7.872128101338986
7.872128101338986
7.872128101338986
7.872128101338986
6.485833740219095
5.474232828540615
7.872128101338986
5.56954300834494
6.262690188904886
7.872128101338986
7.872128101338986
7.872128101338986
6.773515812670876
7.872128101338986
7.872128101338986
7.178980920779041
3.9601050959108397
7.872128101338986
5.233070771723727
7.872128101338986
5.674903524002767
7.872128101338986
6.485833740219095
6.080368632110931
6.485833740219095
7.178980920779041
3.3503395242899456
7.872128101338986
7.872128101338986
7.872128101338986
7.872128101338986
7.178980920779041
6.485833740219095
5.926217952283673
4.375620539872505
7.872128101338986
7.872128101338986
7.872128101338986
7.872128101338986
7.872128101338986
6.485833740219095
7.872128101338986
7.872128101338986
6.080368632110931
7.872128101338986
7.178980920779041
7.872128101338986
7.178980920779041
4.927689122172545
5.79268655965915
7.872128101338986
5.79268655965915
6.262690188904886
7.872128101338986
6.080368632110931
6.773515812670876
7.872128101338986
7.872128101338986
7.872128101338986
7.872128101338986
7.178980920779041
7.178980920779041
7.872128101338986
7.872128101338986
7.872128101338986
7.872128101338986
5.474232828540615
7.872128101338986
7.178980920779041
7.178980920779041
7.872128101338986
5.56954300834494
7.178980920779041
7.872128101338986
7.178980920779041
5.926217952283673
7.178980920779041
7.178980920779041
3.33952860818573
7.872128101338986
7.872128101338986
7.872128101338986
6.773515812670876
6.773515812670876
6.080368632110931
7.872128101338986
7.872128101338986
7.872128101338986
7.872128101338986
7.872128101338986
6.485833740219095
7.872128101338986
7.872128101338986
7.872128101338986
6.773515812670876
7.872128101338986
6.773515812670876
7.178980920779041
7.872128101338986
7.872128101338986
5.926217952283673
7.872128101338986
5.474232828540615
5.56954300834494
7.872128101338986
4.827605663615563
7.178980920779041
7.872128101338986
7.178980920779041
7.872128101338986
5.79268655965915
7.872128101338986
7.872128101338986
6.773515812670876
7.872128101338986
7.872128101338986
7.872128101338986
7.872128101338986
6.485833740219095
7.872128101338986
7.872128101338986
7.872128101338986
7.178980920779041
6.773515812670876
7.872128101338986
4.261210188694761
5.387221451550985
7.872128101338986
7.872128101338986
7.872128101338986
7.872128101338986
7.872128101338986
7.872128101338986
3.846776410603837
6.080368632110931
7.872128101338986
7.178980920779041
7.872128101338986
7.178980920779041
7.872128101338986
7.872128101338986
7.872128101338986
7.872128101338986
7.872128101338986
7.872128101338986
7.872128101338986
7.872128101338986
7.872128101338986
7.872128101338986
7.872128101338986
7.872128101338986
7.872128101338986
7.872128101338986
7.872128101338986
7.872128101338986
7.872128101338986
2.110076718558809
7.872128101338986
7.872128101338986
6.080368632110931
6.485833740219095
7.872128101338986
7.178980920779041
5.233070771723727
6.773515812670876
7.872128101338986
5.164077900236776
6.485833740219095
3.8831440547747116
5.0995393790992045
7.872128101338986
5.56954300834494
7.872128101338986
4.110927985645423
7.178980920779041
6.262690188904886
6.080368632110931
6.773515812670876
7.178980920779041
7.872128101338986
7.872128101338986
7.872128101338986
7.872128101338986
6.080368632110931
3.4654088540747328
7.872128101338986
7.872128101338986
7.872128101338986
7.872128101338986
7.872128101338986
7.872128101338986
6.485833740219095
7.872128101338986
7.872128101338986
2.9233682109608177
7.872128101338986
2.937654168208294
3.118537910232621
7.872128101338986
7.872128101338986
6.773515812670876
5.674903524002767
7.872128101338986
6.773515812670876
2.7845317661066016
7.872128101338986
7.178980920779041
4.736633885409836
7.872128101338986
7.872128101338986
5.674903524002767
7.872128101338986
7.872128101338986
2.9233682109608177
7.872128101338986
4.876395827784995
7.178980920779041
1.774053819172746
5.56954300834494
3.361268594822136
7.178980920779041
7.178980920779041
7.178980920779041
7.178980920779041
7.872128101338986
7.872128101338986
7.872128101338986
7.872128101338986
7.872128101338986
7.178980920779041
2.7541342889222307
7.872128101338986
7.872128101338986
7.872128101338986
3.453287493542388
7.872128101338986
7.872128101338986
7.872128101338986
7.178980920779041
7.872128101338986
4.043486704849891
7.178980920779041
7.178980920779041
7.872128101338986
6.773515812670876
7.872128101338986
7.178980920779041
6.080368632110931
7.872128101338986
5.926217952283673
7.178980920779041
7.872128101338986
7.872128101338986
6.773515812670876
7.872128101338986
5.474232828540615
7.872128101338986
7.872128101338986
7.872128101338986
5.56954300834494
5.926217952283673
7.178980920779041
4.981756343442822
7.872128101338986
7.872128101338986
7.872128101338986
5.233070771723727
7.872128101338986
7.872128101338986
7.872128101338986
7.872128101338986
7.872128101338986
7.872128101338986
7.872128101338986
7.872128101338986
7.872128101338986
7.872128101338986
7.872128101338986
7.872128101338986
7.872128101338986
5.926217952283673
7.178980920779041
7.178980920779041
7.872128101338986
7.872128101338986
7.872128101338986
7.178980920779041
5.56954300834494
7.872128101338986
7.872128101338986
7.872128101338986
7.872128101338986
7.872128101338986
7.872128101338986
4.40639219853926
4.504832271352512
5.79268655965915
5.79268655965915
7.178980920779041
5.79268655965915
5.79268655965915
5.674903524002767
7.872128101338986
7.872128101338986
7.178980920779041
7.872128101338986
7.872128101338986
7.872128101338986
2.578823276614494
5.926217952283673
5.79268655965915
7.872128101338986
7.872128101338986
6.773515812670876
4.20856645520934
7.178980920779041
7.872128101338986
7.872128101338986
7.178980920779041
6.262690188904886
7.178980920779041
7.872128101338986
1.0315815720502988
6.485833740219095
5.674903524002767
6.262690188904886
7.872128101338986
5.79268655965915
7.872128101338986
5.79268655965915
6.773515812670876
7.872128101338986
7.872128101338986
7.872128101338986
7.178980920779041
7.872128101338986
7.872128101338986
7.872128101338986
4.981756343442822
7.872128101338986
7.872128101338986
7.872128101338986
7.872128101338986
7.872128101338986
7.872128101338986
6.773515812670876
7.872128101338986
7.872128101338986
7.872128101338986
7.872128101338986
4.40639219853926
7.178980920779041
7.872128101338986
7.872128101338986
4.539923591163782
7.178980920779041
7.872128101338986
5.233070771723727
6.485833740219095
6.262690188904886
7.872128101338986
7.872128101338986
6.485833740219095
7.178980920779041
7.872128101338986
6.080368632110931
6.773515812670876
7.872128101338986
5.56954300834494
5.03891475728277
6.485833740219095
7.178980920779041
7.872128101338986
7.178980920779041
7.872128101338986
6.485833740219095
6.773515812670876
7.872128101338986
7.872128101338986
7.872128101338986
6.485833740219095
7.872128101338986
5.56954300834494
6.485833740219095
6.485833740219095
6.485833740219095
5.926217952283673
7.872128101338986
7.178980920779041
4.876395827784995
5.56954300834494
7.872128101338986
7.872128101338986
7.872128101338986
7.178980920779041
7.178980920779041
7.872128101338986
7.872128101338986
7.872128101338986
4.183248647225049
5.387221451550985
5.79268655965915
7.178980920779041
7.872128101338986
7.872128101338986
6.080368632110931
7.872128101338986
7.178980920779041
7.872128101338986
7.872128101338986
7.872128101338986
7.872128101338986
7.872128101338986
7.872128101338986
7.872128101338986
7.872128101338986
6.773515812670876
7.872128101338986
7.178980920779041
5.387221451550985
6.080368632110931
5.79268655965915
7.178980920779041
5.474232828540615
7.872128101338986
6.485833740219095
6.773515812670876
7.178980920779041
6.485833740219095
7.872128101338986
4.827605663615563
5.474232828540615
7.872128101338986
7.872128101338986
5.03891475728277
7.872128101338986
6.485833740219095
7.872128101338986
6.773515812670876
6.773515812670876
6.485833740219095
7.178980920779041
7.872128101338986
4.981756343442822
6.485833740219095
7.872128101338986
7.178980920779041
7.178980920779041
6.485833740219095
7.872128101338986
7.178980920779041
7.178980920779041
7.178980920779041
7.872128101338986
6.485833740219095
6.485833740219095
7.872128101338986
7.872128101338986
7.872128101338986
7.872128101338986
7.872128101338986
7.872128101338986
7.872128101338986
6.773515812670876
7.872128101338986
7.178980920779041
7.872128101338986
7.872128101338986
4.43814089685384
4.981756343442822
6.773515812670876
7.872128101338986
7.178980920779041
5.674903524002767
7.872128101338986
7.178980920779041
4.981756343442822
7.872128101338986
7.872128101338986
6.773515812670876
7.872128101338986
7.178980920779041
5.307178743877449
6.485833740219095
5.474232828540615
5.79268655965915
5.387221451550985
7.872128101338986
7.872128101338986
7.178980920779041
7.872128101338986
7.872128101338986
7.872128101338986
7.872128101338986
5.387221451550985
4.3457675767228245
5.474232828540615
6.485833740219095
7.872128101338986
4.78108564798067
7.872128101338986
7.872128101338986
7.872128101338986
6.773515812670876
7.872128101338986
7.872128101338986
7.872128101338986
7.872128101338986
7.872128101338986
6.080368632110931
7.872128101338986
7.872128101338986
7.178980920779041
7.178980920779041
7.872128101338986
7.872128101338986
7.872128101338986
7.178980920779041
4.158556034634678
6.773515812670876
7.872128101338986
4.653252276470785
3.829076833504436
7.872128101338986
6.262690188904886
2.9092834710790787
4.876395827784995
7.872128101338986
7.872128101338986
6.485833740219095
7.872128101338986
7.872128101338986
7.872128101338986
7.872128101338986
7.872128101338986
7.872128101338986
7.872128101338986
7.178980920779041
5.674903524002767
7.872128101338986
7.872128101338986
7.872128101338986
7.872128101338986
7.872128101338986
6.485833740219095
7.872128101338986
7.178980920779041
6.773515812670876
7.872128101338986
7.872128101338986
7.872128101338986
5.674903524002767
5.79268655965915
7.178980920779041
5.387221451550985
7.872128101338986
7.872128101338986
7.178980920779041
7.178980920779041
7.872128101338986
7.872128101338986
7.178980920779041
7.872128101338986
7.872128101338986
7.178980920779041
5.164077900236776
6.262690188904886
5.56954300834494
7.872128101338986
5.79268655965915
5.79268655965915
7.178980920779041
7.872128101338986
7.872128101338986
6.485833740219095
6.080368632110931
6.080368632110931
7.872128101338986
6.262690188904886
7.872128101338986
7.872128101338986
7.872128101338986
7.178980920779041
7.178980920779041
7.872128101338986
7.872128101338986
7.872128101338986
7.872128101338986
7.872128101338986
5.674903524002767
7.872128101338986
4.288609162882876
5.233070771723727
7.872128101338986
5.387221451550985
7.178980920779041
7.178980920779041
7.872128101338986
7.872128101338986
5.164077900236776
7.178980920779041
5.674903524002767
7.872128101338986
7.872128101338986
5.79268655965915
7.872128101338986
7.178980920779041
7.872128101338986
7.872128101338986
7.872128101338986
7.872128101338986
7.178980920779041
5.674903524002767
6.262690188904886
7.178980920779041
7.872128101338986
7.178980920779041
7.178980920779041
6.773515812670876
7.872128101338986
7.872128101338986
7.872128101338986
7.872128101338986
7.872128101338986
6.262690188904886
7.872128101338986
7.872128101338986
7.178980920779041
7.178980920779041
5.926217952283673
6.773515812670876
6.080368632110931
7.872128101338986
6.262690188904886
7.872128101338986
7.872128101338986
7.872128101338986
7.178980920779041
5.926217952283673
7.872128101338986
7.178980920779041
7.872128101338986
7.872128101338986
7.178980920779041
7.872128101338986
7.872128101338986
7.872128101338986
7.872128101338986
7.872128101338986
7.178980920779041
5.474232828540615
5.233070771723727
7.872128101338986
7.872128101338986
7.872128101338986
5.03891475728277
6.080368632110931
7.872128101338986
7.872128101338986
7.872128101338986
7.872128101338986
7.872128101338986
7.872128101338986
7.872128101338986
7.872128101338986
7.872128101338986
7.872128101338986
7.872128101338986
4.653252276470785
7.872128101338986
7.178980920779041
7.872128101338986
7.872128101338986
7.872128101338986
7.872128101338986
7.872128101338986
7.178980920779041
6.262690188904886
7.178980920779041
7.872128101338986
7.872128101338986
7.872128101338986
7.872128101338986
5.164077900236776
7.872128101338986
7.872128101338986
7.872128101338986
5.674903524002767
7.872128101338986
2.6681214142621905
7.872128101338986
6.485833740219095
7.872128101338986
7.872128101338986
7.872128101338986
7.872128101338986
6.773515812670876
7.872128101338986
7.872128101338986
7.872128101338986
7.872128101338986
7.178980920779041
7.872128101338986
7.872128101338986
7.872128101338986
7.872128101338986
7.872128101338986
5.0995393790992045
7.872128101338986
4.576291235334657
7.872128101338986
6.485833740219095
5.926217952283673
7.872128101338986
7.872128101338986
6.262690188904886
7.872128101338986
6.773515812670876
5.926217952283673
7.872128101338986
5.79268655965915
7.872128101338986
7.178980920779041
6.080368632110931
6.773515812670876
7.178980920779041
6.485833740219095
7.872128101338986
7.872128101338986
7.872128101338986
5.56954300834494
6.262690188904886
6.773515812670876
7.872128101338986
6.262690188904886
7.872128101338986
7.178980920779041
7.872128101338986
7.872128101338986
6.080368632110931
6.773515812670876
7.872128101338986
6.262690188904886
7.178980920779041
7.178980920779041
7.872128101338986
7.872128101338986
7.872128101338986
5.387221451550985
6.080368632110931
6.262690188904886
7.872128101338986
7.872128101338986
7.178980920779041
6.262690188904886
5.56954300834494
5.926217952283673
4.981756343442822
7.872128101338986
7.872128101338986
7.872128101338986
7.872128101338986
6.773515812670876
6.485833740219095
7.872128101338986
7.178980920779041
7.872128101338986
7.872128101338986
7.872128101338986
7.872128101338986
7.872128101338986
6.773515812670876
6.773515812670876
6.485833740219095
7.178980920779041
7.872128101338986
7.872128101338986
7.872128101338986
5.0995393790992045
7.872128101338986
7.872128101338986
7.178980920779041
5.926217952283673
4.576291235334657
5.674903524002767
6.773515812670876
6.773515812670876
7.178980920779041
7.872128101338986
4.3457675767228245
5.307178743877449
7.178980920779041
7.872128101338986
7.872128101338986
5.474232828540615
5.164077900236776
5.926217952283673
7.872128101338986
7.872128101338986
7.872128101338986
5.674903524002767
4.876395827784995
6.080368632110931
5.307178743877449
7.872128101338986
6.485833740219095
6.773515812670876
7.872128101338986
5.164077900236776
6.262690188904886
6.262690188904886
7.872128101338986
7.872128101338986
6.080368632110931
4.470930719676831
4.876395827784995
7.872128101338986
3.697740831443349
3.595461982322931
3.3503395242899456
7.872128101338986
7.872128101338986
7.872128101338986
7.178980920779041
7.178980920779041
7.872128101338986
5.0995393790992045
6.773515812670876
6.485833740219095
6.773515812670876
7.178980920779041
7.872128101338986
7.178980920779041
7.872128101338986
6.773515812670876
6.773515812670876
7.872128101338986
7.872128101338986
7.178980920779041
6.773515812670876
7.872128101338986
4.539923591163782
5.926217952283673
7.872128101338986
7.872128101338986
7.872128101338986
6.773515812670876
7.872128101338986
3.9403024686146604
7.178980920779041
5.0995393790992045
5.307178743877449
7.872128101338986
7.872128101338986
7.178980920779041
7.178980920779041
7.872128101338986
1.160387706282806
4.40639219853926
5.926217952283673
3.8116850907925666
6.485833740219095
7.178980920779041
7.872128101338986
7.178980920779041
7.872128101338986
4.927689122172545
5.79268655965915
7.872128101338986
6.773515812670876
7.872128101338986
7.872128101338986
7.872128101338986
7.872128101338986
7.872128101338986
7.872128101338986
3.19929926687708
6.773515812670876
6.080368632110931
7.872128101338986
7.872128101338986
7.178980920779041
7.872128101338986
7.872128101338986
7.872128101338986
7.178980920779041
6.773515812670876
7.178980920779041
7.872128101338986
6.262690188904886
7.872128101338986
7.872128101338986
7.178980920779041
7.872128101338986
7.178980920779041
7.872128101338986
6.262690188904886
7.178980920779041
3.287160622668414
6.485833740219095
6.262690188904886
7.872128101338986
7.872128101338986
7.872128101338986
7.872128101338986
5.56954300834494
5.926217952283673
6.262690188904886
5.674903524002767
7.872128101338986
7.872128101338986
7.872128101338986
6.485833740219095
7.872128101338986
7.872128101338986
6.485833740219095
6.485833740219095
7.872128101338986
7.872128101338986
3.7449937162938944
7.178980920779041
7.872128101338986
7.872128101338986
7.872128101338986
7.872128101338986
4.927689122172545
7.872128101338986
7.872128101338986
7.178980920779041
7.872128101338986
5.56954300834494
4.653252276470785
7.872128101338986
5.474232828540615
7.178980920779041
5.03891475728277
5.233070771723727
7.872128101338986
7.872128101338986
7.872128101338986
7.872128101338986
2.270009280459285
7.872128101338986
7.872128101338986
7.178980920779041
7.872128101338986
7.872128101338986
7.872128101338986
7.872128101338986
7.178980920779041
6.773515812670876
5.474232828540615
6.080368632110931
7.872128101338986
7.872128101338986
7.872128101338986
7.872128101338986
7.872128101338986
7.178980920779041
7.872128101338986
7.872128101338986
4.470930719676831
7.872128101338986
7.872128101338986
7.872128101338986
7.178980920779041
7.178980920779041
7.872128101338986
7.872128101338986
5.307178743877449
6.262690188904886
7.872128101338986
7.872128101338986
7.872128101338986
6.773515812670876
6.485833740219095
4.40639219853926
7.178980920779041
7.872128101338986
7.872128101338986
6.773515812670876
7.872128101338986
6.262690188904886
7.872128101338986
3.623632859289627
7.872128101338986
7.872128101338986
6.773515812670876
6.773515812670876
7.872128101338986
6.773515812670876
7.178980920779041
7.872128101338986
7.178980920779041
7.178980920779041
7.872128101338986
7.178980920779041
7.178980920779041
7.872128101338986
6.080368632110931
5.79268655965915
7.178980920779041
7.872128101338986
7.872128101338986
7.872128101338986
6.773515812670876
7.872128101338986
6.485833740219095
7.872128101338986
6.262690188904886
7.178980920779041
7.872128101338986
6.485833740219095
4.576291235334657
6.773515812670876
7.178980920779041
6.773515812670876
7.872128101338986
6.773515812670876
3.66743548194802
5.56954300834494
6.773515812670876
5.474232828540615
7.872128101338986
6.485833740219095
5.926217952283673
7.872128101338986
5.79268655965915
7.872128101338986
7.872128101338986
7.872128101338986
7.872128101338986
4.0009270904310945
6.080368632110931
6.262690188904886
7.872128101338986
7.872128101338986
7.872128101338986
7.872128101338986
7.872128101338986
6.080368632110931
7.872128101338986
7.178980920779041
5.79268655965915
7.872128101338986
6.773515812670876
7.178980920779041
7.872128101338986
7.872128101338986
7.872128101338986
7.178980920779041
7.178980920779041
6.773515812670876
7.872128101338986
7.872128101338986
7.872128101338986
7.872128101338986
7.872128101338986
7.872128101338986
6.485833740219095
4.981756343442822
7.872128101338986
7.872128101338986
7.872128101338986
7.872128101338986
4.3457675767228245
6.485833740219095
7.872128101338986
7.178980920779041
7.178980920779041
7.178980920779041
7.872128101338986
6.485833740219095
7.872128101338986
5.926217952283673
7.872128101338986
5.233070771723727
5.926217952283673
6.485833740219095
7.872128101338986
7.178980920779041
7.872128101338986
7.872128101338986
5.387221451550985
7.872128101338986
6.080368632110931
6.773515812670876
7.178980920779041
6.485833740219095
6.773515812670876
7.178980920779041
7.178980920779041
5.387221451550985
3.980307803228359
7.872128101338986
5.307178743877449
7.178980920779041
7.178980920779041
6.773515812670876
7.872128101338986
7.872128101338986
3.8831440547747116
7.872128101338986
7.872128101338986
7.872128101338986
6.773515812670876
7.872128101338986
7.872128101338986
7.872128101338986
7.872128101338986
7.872128101338986
7.872128101338986
7.872128101338986
7.178980920779041
7.872128101338986
7.872128101338986
7.872128101338986
7.872128101338986
7.178980920779041
6.773515812670876
7.872128101338986
7.872128101338986
6.262690188904886
7.872128101338986
7.872128101338986
7.872128101338986
6.485833740219095
5.164077900236776
3.829076833504436
7.178980920779041
7.178980920779041
7.872128101338986
7.872128101338986
7.872128101338986
7.872128101338986
7.872128101338986
7.872128101338986
7.872128101338986
7.872128101338986
7.872128101338986
7.872128101338986
7.872128101338986
3.9403024686146604
5.926217952283673
7.872128101338986
4.316780039849572
7.872128101338986
7.872128101338986
7.178980920779041
7.178980920779041
7.872128101338986
5.164077900236776
3.6380215967417264
7.178980920779041
7.872128101338986
7.872128101338986
7.872128101338986
6.485833740219095
7.872128101338986
5.674903524002767
7.872128101338986
7.872128101338986
3.6094482242976706
4.736633885409836
7.872128101338986
7.872128101338986
7.872128101338986
5.56954300834494
6.262690188904886
6.080368632110931
7.178980920779041
7.872128101338986
6.485833740219095
6.773515812670876
7.178980920779041
7.872128101338986
7.178980920779041
7.872128101338986
7.872128101338986
7.872128101338986
6.773515812670876
7.872128101338986
5.03891475728277
7.872128101338986
6.262690188904886
7.872128101338986
7.872128101338986
7.872128101338986
7.178980920779041
7.872128101338986
7.872128101338986
4.470930719676831
7.178980920779041
4.40639219853926
7.872128101338986
7.872128101338986
5.03891475728277
7.872128101338986
7.872128101338986
7.872128101338986
7.872128101338986
7.872128101338986
5.03891475728277
7.872128101338986
5.387221451550985
7.872128101338986
7.872128101338986
6.773515812670876
7.872128101338986
7.872128101338986
6.773515812670876
7.872128101338986
7.872128101338986
7.872128101338986
6.485833740219095
6.262690188904886
5.926217952283673
7.872128101338986
7.872128101338986
4.134458483055617
7.872128101338986
5.56954300834494
7.872128101338986
5.926217952283673
3.980307803228359
7.178980920779041
7.872128101338986
4.736633885409836
7.872128101338986
7.872128101338986
7.178980920779041
5.79268655965915
7.872128101338986
7.872128101338986
7.178980920779041
7.178980920779041
7.872128101338986
7.178980920779041
7.872128101338986
6.485833740219095
6.773515812670876
7.872128101338986
7.872128101338986
4.876395827784995
7.872128101338986
4.653252276470785
7.872128101338986
7.872128101338986
7.872128101338986
7.872128101338986
7.872128101338986
7.872128101338986
5.926217952283673
7.872128101338986
5.79268655965915
5.474232828540615
5.307178743877449
7.178980920779041
7.872128101338986
5.56954300834494
5.56954300834494
5.674903524002767
7.178980920779041
6.773515812670876
6.262690188904886
7.178980920779041
7.178980920779041
6.773515812670876
6.485833740219095
7.872128101338986
7.178980920779041
7.872128101338986
7.872128101338986
7.872128101338986
4.470930719676831
2.5202699678629195
3.361268594822136
7.872128101338986
7.872128101338986
7.872128101338986
5.79268655965915
7.872128101338986
7.178980920779041
6.773515812670876
4.576291235334657
7.178980920779041
6.262690188904886
7.872128101338986
7.872128101338986
7.178980920779041
5.79268655965915
4.43814089685384
5.03891475728277
7.872128101338986
7.872128101338986
7.872128101338986
7.872128101338986
7.872128101338986
7.872128101338986
7.872128101338986
7.178980920779041
7.872128101338986
6.773515812670876
7.872128101338986
7.872128101338986
7.872128101338986
7.872128101338986
7.872128101338986
4.6140315633175035
5.233070771723727
6.485833740219095
5.674903524002767
6.080368632110931
4.504832271352512
5.307178743877449
7.872128101338986
7.872128101338986
7.872128101338986
7.872128101338986
7.872128101338986
6.485833740219095
6.080368632110931
5.0995393790992045
5.474232828540615
7.178980920779041
6.773515812670876
7.178980920779041
7.872128101338986
7.872128101338986
7.178980920779041
7.178980920779041
6.080368632110931
3.2373991131093502
7.872128101338986
7.872128101338986
7.872128101338986
7.872128101338986
7.178980920779041
7.872128101338986
6.080368632110931
7.872128101338986
7.178980920779041
6.773515812670876
7.872128101338986
7.872128101338986
7.872128101338986
5.926217952283673
6.773515812670876
6.262690188904886
4.827605663615563
7.178980920779041
7.178980920779041
7.872128101338986
6.485833740219095
7.872128101338986
7.872128101338986
5.164077900236776
6.773515812670876
5.79268655965915
6.485833740219095
7.872128101338986
7.872128101338986
7.872128101338986
7.872128101338986
7.178980920779041
7.178980920779041
6.080368632110931
5.79268655965915
7.872128101338986
7.872128101338986
7.872128101338986
7.872128101338986
7.872128101338986
3.4413113024956723
7.178980920779041
7.872128101338986
5.79268655965915
7.872128101338986
7.872128101338986
7.872128101338986
6.773515812670876
5.674903524002767
5.307178743877449
6.262690188904886
7.872128101338986
7.178980920779041
7.872128101338986
7.178980920779041
7.872128101338986
7.872128101338986
7.872128101338986
4.110927985645423
7.872128101338986
7.872128101338986
6.773515812670876
7.872128101338986
5.474232828540615
7.872128101338986
7.178980920779041
7.872128101338986
7.178980920779041
7.872128101338986
7.872128101338986
7.872128101338986
7.872128101338986
7.872128101338986
7.178980920779041
7.872128101338986
7.178980920779041
7.872128101338986
7.872128101338986
6.773515812670876
7.872128101338986
7.872128101338986
7.178980920779041
6.485833740219095
4.3457675767228245
7.872128101338986
6.485833740219095
7.872128101338986
7.872128101338986
7.178980920779041
7.178980920779041
5.307178743877449
7.872128101338986
4.653252276470785
7.872128101338986
7.178980920779041
7.872128101338986
7.872128101338986
7.872128101338986
7.872128101338986
7.178980920779041
7.872128101338986
7.872128101338986
6.262690188904886
7.872128101338986
6.262690188904886
7.872128101338986
7.872128101338986
7.872128101338986
7.872128101338986
7.872128101338986
7.872128101338986
7.178980920779041
5.79268655965915
7.872128101338986
7.872128101338986
6.485833740219095
6.773515812670876
6.773515812670876
7.872128101338986
7.872128101338986
7.872128101338986
7.872128101338986
3.2669579153508947
7.872128101338986
7.872128101338986
7.872128101338986
3.829076833504436
7.872128101338986
7.178980920779041
7.872128101338986
7.872128101338986
7.872128101338986
7.872128101338986
6.773515812670876
7.872128101338986
7.872128101338986
7.872128101338986
7.872128101338986
7.872128101338986
7.872128101338986
7.872128101338986
7.872128101338986
7.872128101338986
7.872128101338986
6.773515812670876
7.178980920779041
6.262690188904886
7.178980920779041
7.872128101338986
7.178980920779041
7.872128101338986
7.178980920779041
7.872128101338986
7.872128101338986
7.872128101338986
3.541394761052655
7.872128101338986
7.872128101338986
7.872128101338986
7.872128101338986
6.773515812670876
7.872128101338986
7.872128101338986
7.872128101338986
7.872128101338986
7.872128101338986
7.872128101338986
7.872128101338986
5.387221451550985
7.872128101338986
6.262690188904886
6.080368632110931
7.872128101338986
6.262690188904886
6.485833740219095
7.872128101338986
7.872128101338986
7.872128101338986
7.872128101338986
7.872128101338986
7.872128101338986
7.178980920779041
7.178980920779041
7.178980920779041
7.178980920779041
6.262690188904886
6.773515812670876
7.178980920779041
4.69407427099104
7.872128101338986
7.178980920779041
6.485833740219095
6.262690188904886
3.17164773554657
6.773515812670876
4.827605663615563
5.926217952283673
7.178980920779041
7.872128101338986
7.872128101338986
7.872128101338986
7.872128101338986
7.872128101338986
7.872128101338986
7.872128101338986
7.178980920779041
7.872128101338986
7.872128101338986
7.872128101338986
7.872128101338986
6.773515812670876
6.773515812670876
7.872128101338986
7.872128101338986
7.178980920779041
7.872128101338986
5.926217952283673
6.773515812670876
7.872128101338986
2.8885214796306498
6.773515812670876
7.178980920779041
7.872128101338986
7.872128101338986
6.262690188904886
6.262690188904886
7.872128101338986
7.178980920779041
7.872128101338986
7.872128101338986
7.872128101338986
7.872128101338986
7.872128101338986
7.178980920779041
7.872128101338986
4.69407427099104
6.773515812670876
7.872128101338986
6.773515812670876
5.307178743877449
7.872128101338986
7.872128101338986
7.872128101338986
4.876395827784995
7.872128101338986
7.178980920779041
6.262690188904886
7.178980920779041
7.872128101338986
5.0995393790992045
6.485833740219095
5.387221451550985
6.773515812670876
7.178980920779041
5.387221451550985
7.872128101338986
7.872128101338986
6.773515812670876
6.773515812670876
7.872128101338986
7.872128101338986
7.872128101338986
7.872128101338986
7.178980920779041
6.485833740219095
7.872128101338986
7.872128101338986
7.872128101338986
7.872128101338986
6.773515812670876
7.872128101338986
7.872128101338986
7.872128101338986
5.307178743877449
6.773515812670876
7.872128101338986
7.872128101338986
5.56954300834494
7.872128101338986
7.872128101338986
7.872128101338986
6.773515812670876
7.872128101338986
7.178980920779041
7.178980920779041
7.872128101338986
7.872128101338986
7.178980920779041
3.0438143640366846
7.872128101338986
5.56954300834494
5.79268655965915
7.872128101338986
7.178980920779041
6.485833740219095
7.178980920779041
6.773515812670876
7.178980920779041
7.178980920779041
7.872128101338986
7.178980920779041
7.872128101338986
7.178980920779041
6.773515812670876
6.485833740219095
6.262690188904886
7.178980920779041
7.872128101338986
5.674903524002767
4.576291235334657
7.872128101338986
7.872128101338986
7.872128101338986
7.872128101338986
7.872128101338986
3.901836187786864
7.872128101338986
7.872128101338986
7.872128101338986
7.872128101338986
7.872128101338986
5.387221451550985
6.773515812670876
7.178980920779041
7.872128101338986
7.872128101338986
7.872128101338986
7.872128101338986
6.773515812670876
5.307178743877449
7.872128101338986
2.996930778137834
7.872128101338986
7.872128101338986
3.101443476873321
7.872128101338986
7.872128101338986
2.9304856787296814
7.178980920779041
3.08463635855694
6.080368632110931
6.773515812670876
7.872128101338986
7.178980920779041
7.872128101338986
7.872128101338986
6.773515812670876
6.485833740219095
7.872128101338986
7.872128101338986
5.79268655965915
5.674903524002767
6.485833740219095
7.872128101338986
6.773515812670876
6.773515812670876
7.872128101338986
7.178980920779041
7.872128101338986
7.178980920779041
7.178980920779041
7.872128101338986
7.872128101338986
7.872128101338986
6.485833740219095
6.080368632110931
7.872128101338986
7.178980920779041
7.872128101338986
7.872128101338986
7.872128101338986
7.872128101338986
4.576291235334657
7.178980920779041
7.178980920779041
7.872128101338986
7.872128101338986
7.178980920779041
7.178980920779041
7.872128101338986
7.872128101338986
7.178980920779041
5.674903524002767
7.872128101338986
6.485833740219095
6.080368632110931
7.872128101338986
7.178980920779041
7.872128101338986
6.080368632110931
7.178980920779041
4.110927985645423
7.872128101338986
6.080368632110931
7.872128101338986
7.872128101338986
7.872128101338986
7.872128101338986
7.872128101338986
7.872128101338986
7.872128101338986
5.307178743877449
4.43814089685384
4.736633885409836
7.872128101338986
7.872128101338986
7.872128101338986
7.872128101338986
7.178980920779041
7.872128101338986
7.872128101338986
5.926217952283673
6.773515812670876
7.872128101338986
7.872128101338986
7.872128101338986
7.872128101338986
5.56954300834494
7.872128101338986
7.872128101338986
6.262690188904886
6.773515812670876
7.178980920779041
7.872128101338986
5.387221451550985
6.773515812670876
7.872128101338986
6.773515812670876
5.926217952283673
7.872128101338986
5.926217952283673
6.773515812670876
6.773515812670876
7.178980920779041
5.926217952283673
7.872128101338986
7.872128101338986
7.872128101338986
7.872128101338986
7.872128101338986
7.872128101338986
4.0009270904310945
7.872128101338986
7.872128101338986
7.178980920779041
7.872128101338986
7.872128101338986
7.872128101338986
7.872128101338986
6.262690188904886
3.8116850907925666
5.79268655965915
7.872128101338986
7.178980920779041
7.178980920779041
6.773515812670876
7.872128101338986
5.79268655965915
7.872128101338986
7.178980920779041
7.872128101338986
7.872128101338986
7.872128101338986
6.773515812670876
7.872128101338986
7.872128101338986
7.872128101338986
7.872128101338986
4.134458483055617
6.773515812670876
5.03891475728277
6.485833740219095
7.872128101338986
7.872128101338986
7.872128101338986
7.178980920779041
7.872128101338986
7.872128101338986
7.872128101338986
7.872128101338986
7.872128101338986
7.872128101338986
2.7073421274154716
7.872128101338986
7.872128101338986
7.872128101338986
7.872128101338986
6.773515812670876
7.872128101338986
7.872128101338986
4.69407427099104
7.178980920779041
7.872128101338986
7.178980920779041
7.178980920779041
7.872128101338986
7.872128101338986
7.872128101338986
7.872128101338986
7.872128101338986
7.872128101338986
7.872128101338986
7.872128101338986
7.872128101338986
7.872128101338986
7.178980920779041
7.178980920779041
7.178980920779041
6.485833740219095
7.872128101338986
7.872128101338986
7.872128101338986
6.485833740219095
7.872128101338986
7.872128101338986
7.872128101338986
4.087938467420725
7.872128101338986
7.872128101338986
6.773515812670876
7.872128101338986
7.872128101338986
6.080368632110931
4.876395827784995
7.872128101338986
7.872128101338986
7.872128101338986
7.872128101338986
7.872128101338986
7.872128101338986
7.872128101338986
7.872128101338986
4.927689122172545
6.773515812670876
7.872128101338986
7.872128101338986
7.872128101338986
7.872128101338986
4.158556034634678
5.926217952283673
7.872128101338986
4.78108564798067
6.773515812670876
7.872128101338986
7.872128101338986
7.872128101338986
7.872128101338986
7.872128101338986
6.773515812670876
7.178980920779041
7.872128101338986
7.872128101338986
7.872128101338986
7.872128101338986
7.872128101338986
7.872128101338986
