0.7201781293640139
0.5935979273564262
0.6561497083534527
0.9185595856543921
0.7271926831003093
0.8487453492499208
0.8113012589932305
0.7734825771528863
0.8947378528915196
0.6550167694253641
1.0679534550310503
0.8120993314336806
0.800239068292362
1.018601906381868
1.027927836083635
0.9234871730089543
0.7339933821405898
1.0117651841316198
1.0296222969803088
0.7935304871107072
1.076428782589047
0.9440028347309242
1.422235813799836
0.79630428307092
0.7031311152370262
0.6022160876301904
0.6124957723138241
1.7034148251683032
1.2422200600958837
0.6742980096447941
0.7950160163785424
0.8516992806714585
0.8606198571712373
0.8104157886411306
0.7901195121558767
0.8941864303980923
0.9433130934917195
1.029883014095155
1.2326841699391846
1.5039563107275262
0.7136638807369898
0.9516957323391837
1.490330187566697
0.6926293546196417
0.8152951393669504
0.7594126220608253
0.8119455365444003
1.1539301089675074
1.0722471395616575
1.0193007127294218
1.1996351201993825
1.390692131207491
0.7418263664121234
1.28616144618767
0.79235834009879
1.701354438942865
1.4121072943581734
0.790987175880282
0.8012231037960398
0.7438472740868762
0.8675349691572437
0.9300961425081222
0.9563430041441079
0.9440502961850697
0.8025125685293973
0.8619562137466182
0.6539859258241846
0.899867990716101
0.7960081113541034
1.510888150607532
1.0275566858146474
1.0430953520116788
0.9018078251762556
0.9542290479072957
0.851014674785466
0.7426798704436297
0.7915721223269296
0.7763253895642274
0.5962232993471033
0.8129911153501778
0.793878313303888
0.8056803501728643
1.2876337569732226
1.043280475417278
0.7926336241703804
0.6941975163740489
0.765839895542995
1.220893849221392
0.8220849416499271
0.7178502519203813
0.8515814854611032
0.9146997105005129
0.6769475344121838
0.7516159526445872
0.6668806985111012
0.911163910252059
0.6435357446656883
0.718372540087173
0.7752792203395878
0.749656628239261
0.701749928435422
0.6654015884025556
0.7408215551672507
1.828607776199364
1.9324083805683416
0.7273650070547091
0.7684289054033371
0.7666063587791068
0.7244941419019463
0.7833432613479383
0.9337405455765776
1.004079954717582
0.7151578215952272
0.9579981314692143
0.6338596155730009
0.6529619958643528
1.6636206070141657
1.413915328797131
1.2531462916710703
1.1053348021658314
1.2743105707835265
1.2022617849525452
0.920981290283304
0.779983280580827
1.3173527715394577
1.3392826656740677
0.7391627647816655
0.9030449020789365
1.185769695375425
0.8253553365870373
0.8064091592559668
0.8756177899801253
1.7898006059261278
1.16866368544543
0.7622108852804124
0.8437394613128649
0.7513369120714718
0.9640445649216511
1.0414011206042524
0.945364690096633
1.0230790087033383
1.2526843610352743
0.6690261139065566
0.6745059255641739
1.5150000679397035
0.8371817972099236
0.7857154229057159
1.308989270102961
0.9528324537335795
0.637834623402533
0.7808074666528215
0.8633960178905319
0.7990399193554023
1.5944865253831333
0.971869648165368
0.9529410943537198
0.6730539044633149
1.8708820223899514
1.3988263831415089
0.872021842709086
1.4769841026680264
0.8894493403325181
1.4381610882697702
0.7630930311361095
1.178975829718634
1.0956293017044352
3.1614254300987383
3.1614254300987383
3.1614254300987383
3.1614254300987383
0.688618693314429
3.1614254300987383
3.1614254300987383
3.1614254300987383
3.1614254300987383
3.1614254300987383
3.1614254300987383
1.169261044333082
1.2679111785467738
1.044785981559564
0.7578699969075162
0.6350089639453438
0.9325672645513745
1.1210759072295133
1.395669077687564
1.8206247060840455
3.1614254300987383
3.1614254300987383
1.3687563746146683
0.694473123973126
1.04353427990821
0.953166909920793
0.9056768926384811
0.9539246224947167
0.7335843775087468
0.8044909439755875
0.8746303128708666
1.474326845271039
1.2675099602335986
0.7916146355532725
1.398095489062253
1.21985925302509
0.8724638680587466
1.2116474731882425
0.8183577119133514
0.8345467766710326
0.9011482758264155
0.6926578551530547
0.9747193538408042
0.792380955112842
0.8302855503190738
1.0268334255007927
0.708547372553696
2.0527553505306657
0.6311367818844381
1.1879782506923304
0.8193807273548911
0.6420579348027919
0.839712680271855
0.6687765856008665
0.6502519897083693
0.6503934721660681
1.1560603372160336
0.7156751451930522
0.7257785755273761
0.8744931718524377
0.8855588609066831
0.8820853417671686
0.7247178026020782
1.103554184410878
0.9170329639778771
0.9515858204479318
0.7474947237860862
0.7659312221995176
1.0084647747686486
0.7715666530126932
3.1614254300987383
1.0301292860845255
1.162540232968942
0.8046581093316175
1.2366098697573653
1.6451508033373254
1.5404139649928357
1.4405640897987095
0.8856227230096402
0.9554721561990207
0.7147296672765202
1.166574761974236
0.6912596957318081
0.9003277784255949
1.0201893072841117
1.190240433457166
1.3221315353535283
0.6314191973296677
1.3096996712003477
0.6681019164503739
0.6909868259799969
1.2217231141130056
1.1863642496214257
1.0878976089188654
1.019504698679663
1.2114291402098532
0.7327175570187612
1.0668240133210707
1.359728273866046
0.9491626476354602
0.6507551897689733
0.9086021723738203
1.6661540133351858
0.8014767510359326
1.4253529721937699
0.821384284650683
0.6854827881486977
0.9338365977118589
0.7049843812387807
0.9304669309578184
0.7606458827560715
0.7510342545589112
1.50480140155525
0.8158853009778181
1.2586882085409594
0.9120369526000105
0.9484192470575681
0.6954303504169287
1.0010726210407754
0.6854827881486977
0.7294077213538226
0.757535480753651
0.914538171753495
0.563569337445509
0.9369846662337882
0.7902503922945742
1.686972592037929
1.6486831475858421
1.432689367803697
0.6472767423874582
1.0120070944616217
1.8191697120016515
1.0477243329639934
0.7776146460945087
0.7549526290014456
0.7485727650853414
0.7836182033510622
1.2411362001567923
1.0992409097627545
0.8826481667634708
0.6692134884548928
0.7643438047980508
1.1364022249398258
1.0576420862724283
1.1348039629050897
1.9424076396055574
1.0231572447878763
0.787158875813374
0.648711751842846
0.6211236545752138
1.132796693268172
0.7323603933754157
0.7123226852806708
1.156914952478188
0.6985967003003636
1.000172408293054
0.5737536767489324
0.7853499383728646
0.9750215311245924
0.7189178827747297
0.8732664426323392
0.8892304436378669
0.7458581646334134
0.9848947803741832
0.8756025094831915
1.3712799535614615
0.7598904940691411
0.8171856346987973
1.4947168074198929
1.3850945815511553
0.7147839265293162
0.7911264771325185
1.5367823900034556
0.8999562802638257
1.0472226006360026
1.5104265958941425
0.9173821183188511
0.9590235065336106
1.073638665759047
1.3832179283467994
0.9976711795060582
0.7175514559422574
0.6267745996021209
0.7048945143334499
0.9407302975228559
0.8294439102865391
1.1497404164484708
1.3086953884947252
0.7917046232389013
1.5147992059852506
1.255357740038534
0.8920022320297314
0.8922014086954242
0.6496770702080674
1.1192446419122173
0.7403824714272257
0.7524280243694277
0.6189899921217963
0.8602246037385436
1.1938761444852197
0.7454637759366471
0.6823668406049616
0.7532126945029727
0.6577259029343023
1.2643685274530954
0.67782211374176
1.5333010762968367
1.1468399090641836
0.9333382042280631
0.7847563456821242
1.4479329743213383
0.7881389748639487
1.4209399687151918
0.943493923290325
0.6683541396607273
0.9817229999974584
1.0549126451248871
0.9791230066512311
0.8239637947776458
1.3934898137134364
1.1710069377443206
1.1470530022381624
1.4788081947677563
1.0174207636144639
1.5513937980891468
0.9696046802953122
0.8296295261627803
1.4203562377546923
0.6198979410967583
0.9438907728494769
0.8655419712646528
0.6749503511235633
1.03430047465672
0.7892101641160694
1.2554227656561063
1.3314415334804002
0.6218645267468508
1.0545552430552516
0.9377680657212167
0.9273823680542238
1.6253170028174688
1.0568403834508946
0.9275030709029148
1.5272305285719874
0.9240515067250609
0.6299789605874291
1.281338682005203
0.8707898228106065
1.265600729811854
1.3242171238722584
0.8201941260911176
0.7603826932980219
1.1395360334691327
3.1614254300987383
0.7205611416807417
1.0228639489877676
0.6585591217532313
0.8416528172672746
1.6077449174849066
1.2808266715380778
0.8998914871143595
1.1314249620973416
0.9885159620879866
0.9547337731168203
0.7422006289730282
0.9453945610524234
0.808879363838435
1.4534419581061504
1.2476323694521432
0.9883576472955706
0.6643679217428199
0.8767509839680148
1.4370222099374494
1.1909693099042622
0.746110438707535
1.3792609146200525
0.7769799588892897
0.8089466121676843
1.624801035315943
0.8010456366915761
1.4607766635555326
1.7713598760943028
1.168161752951836
0.9392228616683926
0.7633144243548764
1.2603034878559274
0.6747256393024567
0.7602535589885973
0.7589644314276693
0.867948177917731
0.7336979676244479
1.2063188353121368
1.2000516851816765
0.7034807017146377
1.1121370404952822
0.9568896206578604
0.7614596773360156
1.0674628890074302
1.3228264635986435
1.4261683853672615
0.739286961466489
1.1814143636986336
3.1614254300987383
3.1614254300987383
1.036447445796132
0.8516087871080612
0.852950623854112
1.5616889616672618
1.0219358907775993
1.0621560225866205
0.7606881477795254
3.1614254300987383
3.1614254300987383
1.1305364495060621
1.0630404164143425
0.7833783257291015
3.1614254300987383
1.7816225738367242
0.8595173090642546
3.1614254300987383
3.1614254300987383
1.079417334607829
0.782372382207302
0.8055767531603532
3.1614254300987383
1.1717323439962668
1.2508300331876543
1.0111332708521674
3.1614254300987383
3.1614254300987383
0.8405678890141791
0.8511483115042862
1.2855097169073744
0.7372451774933257
0.8023415772271895
0.9674621221644706
0.7520766581075665
1.1448965967422409
1.0337897795433306
1.3631610479872607
1.2775910602039433
0.6889961107909439
0.7520272179866626
1.1536008410562395
0.7491861154852599
0.9473112393777698
1.30193274867485
1.086021788257457
0.7867381829277768
0.6246754971706211
0.7577802076729384
0.8051395722015129
1.0887565447312266
0.9172691581061188
0.6859110969963451
1.3785652998820588
0.7575422553849511
0.9986606411930731
0.8245891943572563
0.7817424888783138
0.8668831917826998
0.9176102093963163
1.1080931917793937
0.6844137090505547
1.735196026405641
0.8778516710067094
1.0371368752664232
0.9984705690244609
0.9967289803840524
1.1383088928427108
1.1607087437555927
1.070367741110094
0.616609096391217
1.5885011226186156
0.9230863504568895
0.8532439223344802
0.7430604809388411
0.7538272142136062
0.998109924227688
0.6353751261318056
1.8376757410909415
1.1319025553826898
0.8957326725130945
0.74472035409912
1.0770030385802765
0.9448588022778037
0.8489902005274084
0.7546869519292804
0.9375342977115606
0.7814460183775065
0.7482781906955221
1.307623278599601
0.8155124706554391
1.3993670465561707
1.488844818709218
0.9791754592764225
0.8574362902708955
1.2126770604134063
0.74113726694431
0.8245493327491337
1.388299351416875
1.0487465221237142
1.268540961499066
0.9856812172616157
0.7796211847355954
0.8605672961375088
1.474577271642827
0.9620653151897233
0.8605508595781857
0.9212644489478189
1.0215776883151297
1.0891565938462098
1.099467165368485
0.7812683656545194
1.2420793847619116
1.471561238724572
1.3268072028304825
1.5717966293990053
0.8447952219456208
0.7703519528584214
1.5362712015345352
1.2311555148661761
0.7923186527713445
1.0091316361299616
0.7653982496533615
1.2034601359356187
1.549813789376936
0.6979280610589265
0.9208189243179697
0.9821049296258466
1.0496859661469808
1.1630797766834502
1.007677731095656
0.8358658077651694
0.954823768699185
0.7033846000420306
1.4714759359981857
0.9311999317863006
0.9302847213449169
1.0035657414474943
1.0020428824860244
0.7083888390570581
1.0012488361139493
0.890036675209766
0.7744506985159376
1.6537530187896057
1.3250335238114472
1.053041101068866
0.8916907426051679
0.8236385680214915
0.9789005705184753
1.469391816639979
1.3760645863413383
1.0240531003180104
0.6825323650176557
0.66542225672491
1.2420032826566092
1.0887981349440423
1.1840209183020478
0.7581528923616939
1.0283239912298745
0.8714420838442042
0.7097040979739256
0.8334657598913422
0.9531348477547784
0.8506860285541132
0.6824998513641157
1.0067667367814785
1.2057909214712224
0.9422456146005468
1.5516601088839095
1.0294756938033764
1.0524201706800058
1.1412595014100921
0.8601085236413507
0.8122553322795882
1.176427143377134
0.8765426475182877
1.7280107800180209
0.8171911446381609
1.0406073873756096
1.2254467069824135
1.192655858904491
0.818498496626
0.7327496472656674
1.6940096906794886
0.6465840347619998
0.857797886799112
1.1072912150395815
1.3763402253480925
1.0207640914660128
1.0017102081759726
1.1184009856651398
0.7626431349876605
0.9202230358327789
1.3740163830759666
1.705958339927062
1.072785627534814
0.7715866885778185
0.5327294595741311
0.7461399546783978
0.8085202432369726
1.4480657282688087
0.9063358624704081
0.9759278461350512
1.3874400666509785
1.3882743169830605
1.017122704510887
1.291172047284621
1.2317754821193057
1.1231757978119288
1.6058768629152584
0.7711855884457772
1.131953236867651
0.6566715048583027
1.3802753840753932
1.2669440416371045
1.087117335113981
1.0427361011965626
1.3797485089255233
1.0590354422346024
1.2290539568373566
1.7223781525690778
1.4261728305810977
0.7022938620292885
1.6760519956201714
1.206433760617703
1.3451350517491518
1.1183659169612232
0.9291663633822528
1.3884968682659493
0.7580350102858913
0.7725738876318903
0.7711137204691139
0.8229827587302126
0.7764084465202161
0.6863947434376425
1.3377436083851235
0.746376089344538
0.6553008823345711
1.3203048035599145
1.1586252042630578
0.7738362292211203
0.9569813792724425
0.9413942528317607
1.546554698361212
0.955113712638494
1.0970472899264876
0.8427204492310454
1.2568007635463032
0.7512607589677182
1.3968606201311062
1.0070653283787527
0.9389233758271076
0.8228825079097242
1.1704997961699941
1.282141031575072
1.1092794138149042
1.23367578255922
1.679360277675687
1.0185512400950187
0.742655075208986
0.9974718605212788
1.0775411404607493
0.8473844253709449
1.7381721536714765
1.03061296992591
1.0293756673605805
0.9322427278573114
0.7980048199025439
1.1134226429914766
1.5870832347887258
0.9637081183421312
1.0133159224624837
1.2008544005232045
0.7670226716606696
0.8763645554028844
0.9803718541759641
0.9639108400066722
1.1415164477276483
1.0739835102493538
1.1943053702319664
0.84023154192245
1.163197365232801
1.3423507743571854
0.7203728240150329
1.078047513441286
0.6505452024410211
0.7937829221560488
1.057039130604405
1.0355262188790102
0.8557106415014514
0.9528007141485355
1.1176011238953503
1.0896991478430866
1.1839945342864593
0.8089825431899812
1.134319269513586
1.0379348737251313
1.0058443252880591
1.0051947373422818
0.9718238035301091
0.7471860457886048
1.5175082709472156
1.0474881262165077
0.9400137866731629
1.387598479567041
1.334295344635358
1.137896018824012
1.2636154773199224
0.6419775266764521
1.6051500897724233
1.2020144730975022
0.8922657778184515
0.9084459364206681
0.7644379154764017
1.5163262082352689
1.302901145284474
1.4477228167143865
1.2148829842819953
2.1574525948671592
0.706655309803582
0.8881973966271604
0.7141749986426842
1.265445643377489
1.2308318314317284
1.393173409321305
1.2322399762390177
0.7596094833307465
0.9469664598675581
1.3042945723215436
0.8061033426897325
1.3691500903128937
1.0715182075623197
0.8505898695247424
0.8798964157871776
1.2148186982750995
0.6151536047067894
0.9838664908779802
1.054837924353318
1.2731161638691595
1.0074821000606469
0.9050603751845582
1.063062435726605
0.7728870516292393
1.109322755154315
0.8293073717814867
0.809725423637988
1.5812787275569844
0.9045321226954119
0.9533185422208604
1.3161505949928163
1.0131677897994111
1.3407200770872867
0.7986238827288158
1.0072700030602937
1.312805206383244
0.9904238158061949
0.682583298650626
1.0649485967826593
1.372669222218399
1.2459441590116358
0.7318872127427578
0.7157003547103499
1.198700388849468
1.0032529563287234
1.042995999950062
1.4871565951342063
0.6883220801625253
1.2625090086384838
1.2274889478052702
1.1746875113077517
0.8992457127824514
0.8382441556335188
0.7797787114064018
0.7634249893881195
0.9200341061110915
1.4624125130872323
0.8868685401680275
1.0752457312361954
1.339606286017422
1.3040152181832931
0.8110827855229473
1.4139402597435087
1.3219527448935027
0.607134476881677
0.587215151014157
0.9844981611094835
0.7144992430707727
0.8204729194828574
1.1091737141602518
1.1885422439172906
0.640910932681449
0.9327083378378636
1.4910801542166388
0.9496166351299361
0.8164053092827063
1.0298490544636278
0.8575702677741451
1.338775549078424
1.338525379640944
1.4963536443843835
1.2472814205578644
0.8343017679970556
1.1890671259105006
1.1348322000778956
1.0688860854779214
1.2642600606303844
0.7631820610489094
0.9879511850677596
1.131667658872541
1.1053711263783605
1.0934502007711637
0.8289007795409835
0.8572391661653772
1.2078532261271173
0.7413882930337389
0.9338960259656048
1.1975115047469638
3.1614254300987383
1.1769656755268827
1.5826861568046586
0.990743366744695
2.3289436560837933
1.9062119308891652
0.8727410472783858
1.3406856676837706
1.1262543404417216
1.0006358553348897
1.3487738173488555
1.0111654175570135
0.6487514496744377
3.1614254300987383
0.7565841461337521
1.2224875750848836
0.9335223627236393
1.5094191979664686
1.2981406935108668
1.2384485416508826
0.9203042519522521
0.7091246594922552
1.1693766596919093
0.9812506328687448
1.2907476236012172
1.551971791414818
1.8528630666662622
1.4815585960380255
0.7911065231545208
1.2579418125075315
0.983810782054376
1.0538933922077165
0.9648008287738451
1.1317286854915998
1.9013219655208211
0.7683264118039097
1.3147278075499178
1.3152420911853715
2.060618614792851
1.0498898483780854
0.7237974484380758
1.6150928926499208
1.62756986435504
0.882379496400943
1.2505342326068025
1.3369028814380863
3.1614254300987383
1.1067619190312865
0.7349872681783477
0.7626016557493378
1.2253300896478752
1.0239950659561716
3.1614254300987383
1.840486085196866
0.8900199655716413
0.9694379489204569
1.2306995166112478
3.1614254300987383
1.0323593332872687
1.0466088961739648
1.0471330640164938
0.8718336685434824
1.1012126006655072
0.9272852679957678
0.835966970749659
1.3617971259707702
0.8086344657409051
0.8767040571985983
0.9398531606356081
3.1614254300987383
1.2276507449969678
1.2133015707001438
0.7609897910749452
1.4557540848079733
1.1260942887306171
0.7394264859929564
0.8101701677517128
1.4214473698889105
1.2873271869062284
0.9334559964975272
